-0.0006176621
-0.00060466
-0.0005926742
-0.0005851228
-0.0005776865
-0.0005600922
-0.0005327747
-0.0005164773
-0.000521932
-0.0005271213
-0.000532488
-0.000544351
-0.0005455621
-0.0005230104
-0.0004363607
-0.0002992095
-0.0002312433
-0.0002265416
-0.0003027556
-0.000389163
-0.0004002784
-0.0003566474
-0.0001442043
0.0001860078
0.0005958996
0.0008117808
0.0005097322
0.0003124276
0.0004463777
0.0005604478
0.0004926919
0.0003885062
0.0004598517
0.0005970308
0.0005714717
0.0002798232
-0.0001735414
-9.359637e-05
0.000282612
0.0003808645
5.469045e-05
-0.0002971833
-0.0004101246
-0.0003718603
-0.000354322
-0.0003382889
-0.0002126008
0.0008384211
0.002338968
0.003611835
0.004592271
0.005568723
0.005870807
0.005228268
0.004915021
0.003703352
0.002526901
0.002055615
0.00197705
0.001545351
0.0004681297
-0.000604342
-0.00141332
-0.001617894
-0.001579397
-0.001757606
-0.001422091
0.0007428446
0.003490464
0.004448582
0.003715232
0.002228345
0.0002528867
-0.002282468
-0.004330557
-0.005932856
-0.006244349
-0.004292813
-0.0007855604
0.001031875
0.001438649
0.002207055
0.003471326
0.004754423
0.00519177
0.005148873
0.005044292
0.004081201
0.002551041
-0.0006282834
-0.004891194
-0.008083014
-0.009011024
-0.009277461
-0.01021343
-0.01144789
-0.01083118
-0.009281541
-0.008293911
-0.007521826
-0.005280571
-0.001192638
0.003240611
0.006093897
0.008192781
0.01163928
0.01468869
0.01380478
0.01013053
0.004971432
-0.0008260339
-0.004972244
-0.005258839
-0.002547325
0.001351443
0.005476952
0.009915341
0.01268618
0.01235538
0.01036424
0.008578433
0.007597935
0.006765599
0.004779541
0.001735208
-0.002306883
-0.006508517
-0.009515365
-0.01111224
-0.01033379
-0.006974637
-0.004368122
-0.002386324
0.00110548
0.00519745
0.007731675
0.007613593
0.00524741
0.002651736
0.001044977
-6.92089e-05
-0.0001907158
0.001867282
0.005198958
0.007435118
0.007781572
0.00745439
0.00598218
0.003318753
0.000589541
-0.001245826
-0.001515288
-0.001168786
-0.0003207491
0.0004034478
-3.105738e-05
-0.001051696
-0.0005380005
0.002392279
0.003052733
-0.001096155
-0.005645135
-0.007189235
-0.007944961
-0.0100669
-0.01293987
-0.01442599
-0.01084881
-0.002478189
0.006014437
0.01300475
0.01932074
0.02373897
0.02442164
0.02240794
0.01945876
0.01688315
0.01480616
0.01432008
0.01649228
0.01984187
0.02112649
0.01857064
0.01199162
0.003869366
-0.00254357
-0.004723528
-0.005647305
-0.009737941
-0.01558701
-0.02093292
-0.02663699
-0.03333653
-0.03812599
-0.03762471
-0.03037736
-0.01724407
-0.002976204
0.006479217
0.009878877
0.00837552
0.004450445
0.000813797
-0.001743611
-0.002114075
-0.000177968
0.002370365
0.004839266
0.00553652
0.004135819
0.001990611
-0.001876186
-0.007628811
-0.01460085
-0.02158565
-0.02816384
-0.03477209
-0.04130721
-0.04661132
-0.04977442
-0.04869643
-0.04355183
-0.03634889
-0.02942793
-0.02214722
-0.01305151
-0.003749325
0.001979077
0.003591787
0.001055496
-0.003432875
-0.007230673
-0.00750614
-0.002671186
0.006299981
0.0194518
0.03306895
0.04173673
0.04409464
0.04071667
0.03442447
0.02821573
0.02286828
0.01798543
0.01556102
0.01852805
0.02044648
0.01417109
0.00351403
-0.005374446
-0.01209482
-0.01271015
-0.006589439
0.0007976272
0.006107558
0.00454273
0.004223904
0.0109369
0.01652108
0.01492188
0.008840892
0.002493938
0.00121216
0.006365035
0.01160084
0.01156319
0.006000819
-0.0003087345
-0.0093587
-0.02041408
-0.02656357
-0.02323644
-0.01225097
0.00234108
0.01370102
0.01995375
0.02339433
0.024012
0.0184246
0.00264354
-0.01683177
-0.03018921
-0.03024802
-0.01801534
-0.004445407
0.007199196
0.0169854
0.01977013
0.01498295
0.01021717
0.01189003
0.01947382
0.02773645
0.0326505
0.03268033
0.02651588
0.01715095
0.01046921
0.004293533
0.0001158119
-0.0003190094
0.002974321
0.01105086
0.02104303
0.02787779
0.02945293
0.02696064
0.02376332
0.01958117
0.01240622
0.004022867
-0.004666955
-0.01232057
-0.01825414
-0.02264119
-0.0230656
-0.0167516
-0.004341244
0.009830257
0.02144698
0.03215247
0.04171745
0.04747995
0.04756062
0.04090941
0.02912439
0.01364947
-0.00203749
-0.01684752
-0.02901789
-0.03112054
-0.02300819
-0.01674021
-0.02107536
-0.03191676
-0.04069119
-0.04503853
-0.04515429
-0.04076889
-0.0324884
-0.02242981
-0.01195358
-0.002468243
0.00416329
0.005080946
-0.0009617211
-0.01136354
-0.02298795
-0.03150352
-0.0336967
-0.03256166
-0.03005906
-0.02809391
-0.02650154
-0.02362595
-0.01958827
-0.01504119
-0.009161119
0.0002104703
0.01080993
0.0192431
0.0241692
0.0253425
0.02445714
0.02401281
0.02482679
0.0284309
0.0358607
0.04597238
0.05695738
0.06895707
0.07856104
0.08473824
0.08930512
0.09122467
0.08752321
0.06610624
0.02369272
-0.02011649
-0.05253046
-0.07437204
-0.088359
-0.09646591
-0.0985735
-0.09535396
-0.08711572
-0.06464118
-0.02906453
-0.0005208069
0.01211863
0.01218196
0.0008748434
-0.02342673
-0.05085288
-0.07611505
-0.09678005
-0.1099068
-0.1157827
-0.1142375
-0.09638047
-0.04015338
0.03837072
0.1117499
0.1558369
0.1633312
0.1538364
0.1245334
0.07114069
0.007217355
-0.05509541
-0.09139716
-0.09446948
-0.07720771
-0.04178705
0.002959495
0.04612313
0.0854368
0.1007605
0.07018643
0.009495105
-0.05023672
-0.09722405
-0.1314134
-0.15989
-0.1821933
-0.1901551
-0.1738912
-0.1125063
-0.02327683
0.04258313
0.0791902
0.09205826
0.09014448
0.07808262
0.07046904
0.07583126
0.08538594
0.090586
0.09290848
0.09487433
0.09568951
0.09260326
0.08527723
0.07310218
0.05431595
0.03269385
0.02185119
0.02617181
0.04017838
0.05953903
0.08094268
0.1078084
0.1296912
0.1356464
0.1291805
0.1197347
0.1168084
0.1233906
0.1332142
0.1419769
0.1483401
0.1488437
0.1414826
0.1256085
0.1036618
0.07714674
0.04858114
0.02416343
0.007356649
-0.007543979
-0.01871672
-0.01763867
-0.01586135
-0.02769892
-0.0489951
-0.07813116
-0.111755
-0.1452425
-0.1722114
-0.1965328
-0.2219893
-0.2451419
-0.2718334
-0.2999583
-0.3196993
-0.3373731
-0.3587785
-0.3805322
-0.3972758
-0.4096457
-0.4219537
-0.4412949
-0.4620326
-0.4716259
-0.4587277
-0.3716154
-0.138014
0.1043179
0.2387408
0.3184016
0.3754567
0.4046479
0.4163882
0.4308009
0.443944
0.4427331
0.42812
0.3915311
0.310996
0.2060801
0.08193911
-0.03293407
-0.09801518
-0.1314046
-0.1353498
-0.1079194
-0.02188642
0.105213
0.1984513
0.2483611
0.2791582
0.291115
0.2842988
0.2603493
0.2222304
0.1765279
0.1246405
0.06513373
0.001024231
-0.06476533
-0.1274933
-0.1770067
-0.2165966
-0.244594
-0.2571669
-0.2612134
-0.2578169
-0.2463835
-0.234337
-0.2221392
-0.2123222
-0.2062968
-0.1980462
-0.194167
-0.1983793
-0.1940915
-0.1776053
-0.1372621
-0.0764804
-0.03041677
0.00366774
0.02577852
0.03313077
0.03394372
0.03415417
0.03329209
0.02742258
0.01509485
-0.001942831
-0.01961902
-0.03744544
-0.0624681
-0.08915231
-0.1062988
-0.1113198
-0.1025413
-0.07534735
-0.03651219
0.0001174871
0.03543453
0.06651798
0.08827338
0.09971624
0.1060433
0.107419
0.1029623
0.1024798
0.1086423
0.1084252
0.09968695
0.0869692
0.07288893
0.05921979
0.04380243
0.0294544
0.02183696
0.02448621
0.02915979
0.02600124
0.01807511
0.01149892
0.007913587
0.00910149
0.01620104
0.02017031
0.01751277
0.01439114
0.01413119
0.0191927
0.02969793
0.03467897
0.02794884
0.01876304
0.01453973
0.01576877
0.01388164
0.005598753
-0.007103391
-0.02519182
-0.05013457
-0.07361917
-0.09329666
-0.1077526
-0.1139997
-0.113526
-0.1030196
-0.07901453
-0.04827502
-0.02501291
-0.01638668
-0.02082644
-0.03505848
-0.05446386
-0.07354767
-0.08585054
-0.0959813
-0.1050629
-0.1077896
-0.1043524
-0.09566731
-0.08065412
-0.05630581
-0.02042156
0.02280384
0.06247331
0.09342678
0.1166636
0.1360571
0.1549648
0.1754398
0.1963292
0.2135157
0.2246362
0.2287338
0.2249448
0.2161737
0.2110556
0.2136244
0.2213842
0.2297137
0.2366229
0.2421724
0.2465183
0.2478316
0.2405426
0.2188619
0.1915373
0.1531277
0.1002789
0.04631121
0.0008649722
-0.04177459
-0.07972855
-0.1111983
-0.1407075
-0.1666728
-0.1907916
-0.2134041
-0.2304655
-0.2421057
-0.2479761
-0.2457371
-0.2315918
-0.2075585
-0.181429
-0.1571454
-0.1322844
-0.1071838
-0.08803104
-0.08440457
-0.08927842
-0.09354183
-0.09729237
-0.1016416
-0.1094292
-0.1231421
-0.1395733
-0.154807
-0.1719026
-0.1893613
-0.1974598
-0.1873227
-0.166132
-0.1462017
-0.1308451
-0.1127769
-0.09259109
-0.06779531
-0.03659635
-0.01103593
-0.003640463
-0.008303174
-0.01547862
-0.02857831
-0.04829676
-0.06503828
-0.06932304
-0.06345455
-0.05067163
-0.02777161
0.0003774116
0.02574604
0.0508713
0.07647292
0.1023273
0.1212556
0.1334945
0.1468712
0.1655959
0.187971
0.2086746
0.2291781
0.2497767
0.2687287
0.2826206
0.2908512
0.2961217
0.3026044
0.3101506
0.3181785
0.3240524
0.3266797
0.3258237
0.3185508
0.2994649
0.2733663
0.2480568
0.2233274
0.1965646
0.1695871
0.1482598
0.1243971
0.0965081
0.0724184
0.03469887
-0.01099429
-0.04968179
-0.0814199
-0.1046594
-0.1196952
-0.1262057
-0.1264015
-0.1232319
-0.1197942
-0.1215235
-0.1298327
-0.1399492
-0.1469833
-0.151317
-0.1526132
-0.14996
-0.1423952
-0.1197203
-0.06771448
-0.002619889
0.05428978
0.08825943
0.103003
0.1071965
0.1072372
0.1055034
0.1011916
0.09566424
0.0900309
0.08505743
0.07901357
0.06921791
0.05430801
0.03285917
0.007199735
-0.01765391
-0.04263304
-0.06347091
-0.07858209
-0.08953378
-0.09839673
-0.1058676
-0.1122483
-0.1169887
-0.121211
-0.1271551
-0.1342382
-0.1408511
-0.1471914
-0.1543417
-0.1628273
-0.1722388
-0.1820008
-0.1840418
-0.1599316
-0.1169918
-0.07497322
-0.037295
0.003501772
0.03784579
0.05948348
0.07048748
0.07915619
0.08932168
0.09874947
0.1059861
0.1095835
0.1056112
0.09645642
0.08922033
0.08895929
0.09602391
0.09696665
0.0818192
0.05572889
0.01222859
-0.03470011
-0.07963632
-0.116177
-0.1420653
-0.1607059
-0.1770082
-0.184116
-0.1803747
-0.1657934
-0.1438204
-0.1211393
-0.1009419
-0.08873781
-0.08924241
-0.1008734
-0.1215876
-0.1412429
-0.1511537
-0.1515039
-0.1415226
-0.1217943
-0.08559748
-0.04453218
-0.01202866
0.00925676
0.02053958
0.0256544
0.02695831
0.02767159
0.02983473
0.03358199
0.03886922
0.04604231
0.05588154
0.06970805
0.08802096
0.1077958
0.1235158
0.1299486
0.1236437
0.1137044
0.1067277
0.1044589
0.1077223
0.1143742
0.1203085
0.1158211
0.08825881
0.0497247
0.01004948
-0.03183387
-0.06790892
-0.09950336
-0.1256962
-0.1442643
-0.1557456
-0.1591558
-0.152188
-0.1224279
-0.07303032
-0.03160164
-0.007551095
0.007775519
0.02250496
0.03613398
0.04602832
0.0510799
0.05323662
0.05507024
0.05421724
0.04723623
0.0359062
0.02608019
0.02504685
0.03248405
0.04481253
0.05871223
0.06586816
0.06282549
0.05166353
0.03348725
0.01291976
-0.00725636
-0.02575968
-0.03721329
-0.04171993
-0.04244447
-0.0401904
-0.03670692
-0.03260896
-0.02570087
-0.01237615
0.006931977
0.02642802
0.04564832
0.06147168
0.07184531
0.07725357
0.07970444
0.07845355
0.07337476
0.06306081
0.04154904
0.01387364
-0.01257771
-0.03780329
-0.06139727
-0.07347341
-0.07396049
-0.06577431
-0.04603652
-0.02134831
0.001200787
0.02258864
0.03611398
0.04123397
0.04282435
0.04263894
0.04094711
0.03719218
0.03314648
0.03048049
0.03091847
0.03386251
0.038761
0.04666001
0.05547829
0.06528987
0.07389623
0.08026523
0.08556186
0.08944807
0.09121696
0.09066464
0.08636762
0.07640451
0.0607429
0.04178931
0.02357062
0.01122301
0.006449509
0.006112952
0.01099625
0.02001741
0.03035708
0.04255031
0.05414006
0.06097306
0.0632182
0.06083924
0.05122023
0.03345227
0.01330485
-0.005669001
-0.02440865
-0.04051759
-0.04933935
-0.05189323
-0.05157978
-0.04834008
-0.04278595
-0.03744056
-0.03156378
-0.02711657
-0.02727171
-0.03223534
-0.04005091
-0.04947039
-0.05932399
-0.06728827
-0.07175171
-0.0751974
-0.0788124
-0.08158233
-0.08437581
-0.08614802
-0.08514977
-0.0807817
-0.06758788
-0.04464175
-0.02136165
0.0003397045
0.0167307
0.0231607
0.02429947
0.02257292
0.01993877
0.01909045
0.02040508
0.0235066
0.02717633
0.03190852
0.04034284
0.05029251
0.05752121
0.05930711
0.05276171
0.03648065
0.01670305
-0.0001031588
-0.009445826
-0.01508348
-0.0220996
-0.03193205
-0.04542828
-0.06111214
-0.07678528
-0.09033419
-0.1003571
-0.1080872
-0.1141624
-0.1171442
-0.1171089
-0.1139709
-0.1060599
-0.09478089
-0.08298985
-0.07362011
-0.06670243
-0.06160484
-0.05891474
-0.05691154
-0.05403178
-0.0494126
-0.04255123
-0.03283757
-0.02209731
-0.0127318
-0.003394444
0.009706784
0.0266796
0.04184191
0.05385415
0.06633239
0.07741593
0.08565875
0.09048607
0.09223844
0.09021423
0.08270165
0.068129
0.04792864
0.02682728
0.006489658
-0.01376058
-0.03339776
-0.04849408
-0.0584539
-0.06450221
-0.06710023
-0.06621108
-0.0607585
-0.04979285
-0.03272676
-0.01477378
-0.001993459
0.003092266
0.003247573
0.0002583536
-0.003588773
-0.007275247
-0.01127538
-0.01547803
-0.01834147
-0.01825589
-0.01394168
-0.004878205
0.007029143
0.01660042
0.02105118
0.02286235
0.02394849
0.0236214
0.02082873
0.01472606
0.006319844
-0.002969698
-0.01202641
-0.01931194
-0.02289117
-0.02108581
-0.01007039
0.01173934
0.03491402
0.05082181
0.05947775
0.06499398
0.06718869
0.06501991
0.05845421
0.04672757
0.03345194
0.02396668
0.02099218
0.02162829
0.02308718
0.02598993
0.02969382
0.03267622
0.03418735
0.03286667
0.02975704
0.02660786
0.02402117
0.02140469
0.0195797
0.02018751
0.02208629
0.02338561
0.0217627
0.01763288
0.01209218
0.007148275
0.003488535
0.0003691465
-0.002500003
-0.005400363
-0.00860082
-0.01184042
-0.01353577
-0.01397529
-0.01437276
-0.01446241
-0.01429844
-0.01320856
-0.01202231
-0.01209695
-0.01360001
-0.01711705
-0.02315482
-0.03017803
-0.03568396
-0.03810269
-0.03830138
-0.03658031
-0.03386571
-0.03093429
-0.02867604
-0.02753563
-0.02644654
-0.02418161
-0.01972187
-0.01189621
-0.001559698
0.009941097
0.02214848
0.03324112
0.04166569
0.0467992
0.04882036
0.04753968
0.04348036
0.03830275
0.03310914
0.02674065
0.02006206
0.01560972
0.01506951
0.01949699
0.02731244
0.03516218
0.04058245
0.043618
0.04445728
0.04291032
0.04020679
0.03705848
0.0330332
0.0286503
0.02471989
0.02064776
0.01609569
0.01041046
0.004117418
-0.0009697902
-0.003129269
-0.003580715
-0.004382791
-0.005222392
-0.007161085
-0.01003572
-0.01274813
-0.01625632
-0.02056316
-0.02659397
-0.03430696
-0.0408882
-0.04623704
-0.05036813
-0.05156083
-0.05059763
-0.0466177
-0.04052827
-0.033794
-0.02870139
-0.02516478
-0.02251872
-0.0208386
-0.02102148
-0.02189461
-0.02195385
-0.02168874
-0.0212227
-0.02075364
-0.02129756
-0.02258622
-0.02343802
-0.02399735
-0.02406149
-0.02364093
-0.02330304
-0.02243118
-0.02128853
-0.0201949
-0.02005148
-0.01961856
-0.01803068
-0.01662498
-0.01502856
-0.01327064
-0.01150739
-0.008968538
-0.005215378
-0.001780095
0.0009233717
0.003364081
0.004251506
0.004067884
0.003413144
0.001220032
-0.002597534
-0.008257939
-0.01339551
-0.01645055
-0.01721713
-0.01452117
-0.007831002
0.0009066325
0.009658331
0.01566668
0.01819591
0.01820605
0.01646847
0.01348924
0.009669792
0.006495124
0.004614711
0.003352649
0.002321526
0.0008205
-0.0006985087
-0.001965494
-0.003096969
-0.004758484
-0.00744478
-0.009680748
-0.009907444
-0.007255191
-0.002388077
0.004877412
0.01232018
0.01900631
0.02491496
0.03080503
0.03506558
0.03651893
0.03677185
0.03597653
0.03409373
0.03120591
0.02912228
0.02787804
0.02920347
0.03328646
0.03867693
0.0461595
0.0543654
0.05976902
0.06161113
0.06001537
0.05532025
0.04788531
0.03770886
0.026093
0.01540057
0.003424797
-0.01063718
-0.02284688
-0.03205773
-0.03881934
-0.04253454
-0.04335616
-0.04178534
-0.03842833
-0.03443033
-0.03048559
-0.02496489
-0.01985376
-0.01656014
-0.0139807
-0.01206459
-0.01045645
-0.008053874
-0.005517332
-0.004546563
-0.003321757
-0.001113248
0.001039549
0.004200285
0.007978591
0.01093392
0.01365583
0.01507862
0.01234757
0.005041938
-0.005051623
-0.0171476
-0.0270937
-0.03315888
-0.03452317
-0.03109056
-0.02336122
-0.0124549
-0.002269767
0.004399207
0.007427678
0.005923492
5.858576e-05
-0.007620853
-0.0149945
-0.02156031
-0.02638877
-0.02920158
-0.03067481
-0.03138522
-0.03174021
-0.0323572
-0.0327472
-0.03273124
-0.03195216
-0.02953208
-0.0243242
-0.01738214
-0.009522985
-0.002454642
0.00316882
0.006795796
0.008580272
0.009071881
0.009780965
0.01131371
0.01233155
0.01368237
0.0147482
0.0139982
0.01166915
0.008775328
0.006516689
0.003766829
0.001966857
0.001749271
0.001822148
0.001118689
4.651421e-06
-0.001555134
-0.002486395
-0.002336073
-0.002416012
-0.003994223
-0.005901647
-0.008222683
-0.01035073
-0.01204605
-0.01294235
-0.01285922
-0.01209148
-0.009474214
-0.006629835
-0.004810276
-0.003810235
-0.003945598
-0.004475678
-0.005946842
-0.007919673
-0.009621839
-0.01023267
-0.008788279
-0.00504643
-0.0001593748
0.004686124
0.00814508
0.009359492
0.009389565
0.008080571
0.005422744
0.003207245
0.002397159
0.002542558
0.003648103
0.005685438
0.007923776
0.01091869
0.0153486
0.02149137
0.02810594
0.03389421
0.0388637
0.04266809
0.04354961
0.04085783
0.03456954
0.02557224
0.01732715
0.01138044
0.008103206
0.006080541
0.003821936
0.0006558533
-0.003216289
-0.0064385
-0.007719451
-0.007105422
-0.003681276
0.0024069
0.008206322
0.01273446
0.01581086
0.01678259
0.01533784
0.01424654
0.01442921
0.01480373
0.01611629
0.01732366
0.01761321
0.0165098
0.01263643
0.006977411
0.0009080389
-0.005298071
-0.01026917
-0.01432561
-0.01780438
-0.02045096
-0.02229686
-0.02344316
-0.02264921
-0.02075883
-0.01874752
-0.01726644
-0.0166041
-0.01768494
-0.02018902
-0.02387606
-0.02830498
-0.03371352
-0.03933211
-0.04430986
-0.04817701
-0.0509341
-0.05222885
-0.05063378
-0.04537043
-0.03625512
-0.02365326
-0.01124558
-0.001126948
0.005369691
0.008234627
0.008766548
0.007725289
0.004713228
7.667249e-05
-0.005413338
-0.0113295
-0.01635572
-0.0197262
-0.02031674
-0.01988524
-0.01900884
-0.0171466
-0.01422985
-0.01073198
-0.007038824
-0.002954782
0.001951757
0.006792488
0.01017092
0.01154637
0.0112691
0.009964078
0.009308788
0.009218591
0.009236916
0.008212226
0.005921086
0.002488944
-0.0009390492
-0.003398249
-0.004616504
-0.003560548
-0.001457219
0.001316597
0.004999703
0.008260253
0.01064758
0.01285146
0.01446565
0.0146605
0.01444634
0.01454269
0.01568986
0.01879697
0.0231299
0.02775562
0.03181609
0.03515127
0.03808959
0.03940793
0.03931807
0.03834574
0.03553036
0.03041878
0.02416818
0.01637003
0.009000604
0.003279389
0.0004001544
0.001805825
0.00626832
0.01231804
0.01850047
0.02351095
0.02706263
0.02882927
0.02893712
0.02748026
0.02391752
0.01942368
0.01473347
0.01002665
0.005973756
0.002557215
0.0006590989
-6.650865e-05
-0.001368573
-0.002014548
-0.002366965
-0.003054575
-0.003834122
-0.004055996
-0.005105664
-0.005981472
-0.005958638
-0.00583362
-0.005888126
-0.004808062
-0.003620135
-0.003468948
-0.003054317
-0.00213233
-0.001512786
-0.002203506
-0.004257351
-0.007183515
-0.01152496
-0.01583424
-0.02002077
-0.02265753
-0.02269585
-0.01982636
-0.01372526
-0.006130176
0.0008512759
0.006420885
0.01186554
0.01729989
0.02249006
0.02704138
0.03041758
0.03138934
0.03009425
0.02651426
0.02029494
0.01403489
0.008930459
0.004660701
0.00158367
-0.0003917394
-0.001586308
-0.002984457
-0.003681476
-0.005126481
-0.007631101
-0.0105513
-0.01430269
-0.0185388
-0.02322197
-0.02774356
-0.03007885
-0.03069041
-0.02999323
-0.02716909
-0.02208893
-0.01681672
-0.01039045
-0.003138665
0.004128828
0.01110973
0.01724924
0.0207934
0.02192599
0.02087838
0.01666437
0.01105899
0.006126056
0.002681062
6.423633e-05
5.272398e-05
0.003895194
0.01045806
0.01869602
0.02621359
0.03089497
0.03284509
0.03218939
0.02911738
0.02441412
0.01934735
0.01508398
0.01192758
0.009980343
0.009367719
0.01103273
0.01413723
0.01765436
0.02104542
0.02432205
0.02725207
0.02988379
0.03001358
0.02739805
0.02239198
0.01434946
0.003801136
-0.006494963
-0.01407103
-0.01903434
-0.02224457
-0.02285323
-0.02071241
-0.01780979
-0.01441348
-0.01080301
-0.007483595
-0.004568132
-0.001590673
0.0005424902
-0.0005790024
-0.004754199
-0.01089796
-0.01798552
-0.02438463
-0.02893394
-0.03136361
-0.03201555
-0.03152239
-0.02868696
-0.02372269
-0.01885007
-0.01488787
-0.01341465
-0.01430233
-0.01597344
-0.01724442
-0.01878019
-0.01879506
-0.01649672
-0.01356066
-0.009864352
-0.004991813
9.135556e-05
0.004386712
0.007928465
0.01053166
0.01147207
0.009932679
0.00669332
0.003506127
0.0005134778
-0.002124012
-0.003814761
-0.004173734
-0.005347689
-0.007287741
-0.007894287
-0.006605908
-0.003238945
0.0004604137
0.003238141
0.005004565
0.006358475
0.007396281
0.007877656
0.007734857
0.006840834
0.005695982
0.004756043
0.004661125
0.005441067
0.008054993
0.01110243
0.01416392
0.01705295
0.0191699
0.01942266
0.01838092
0.01599867
0.01175422
0.005436304
-0.001271136
-0.007541544
-0.01305247
-0.01735586
-0.02073414
-0.02257454
-0.02358453
-0.02283377
-0.0209588
-0.01940861
-0.01901508
-0.01789763
-0.01764659
-0.01933747
-0.02033086
-0.02104704
-0.02089654
-0.01870555
-0.01558397
-0.01085599
-0.004482397
0.002301167
0.008617726
0.0129544
0.01485844
0.0148305
0.0143228
0.01441115
0.01483951
0.01509068
0.01571895
0.0163229
0.01674322
0.01627601
0.01481288
0.01425544
0.01527354
0.01705846
0.01844128
0.01900876
0.01843585
0.01736033
0.01599633
0.01406859
0.01144141
0.008625352
0.006011506
0.003727267
0.001611156
-0.0009669767
-0.001730329
-0.0003641364
0.001341894
0.003019591
0.005301759
0.007716504
0.008953254
0.009916789
0.01048079
0.01022694
0.007779523
0.004693968
0.001805658
-0.001161528
-0.004090262
-0.006229845
-0.007434878
-0.007567101
-0.008004436
-0.01009081
-0.01320628
-0.01601372
-0.01853003
-0.02002255
-0.02074949
-0.02070503
-0.01925562
-0.01687837
-0.01416622
-0.0113679
-0.00930743
-0.008298267
-0.007290546
-0.006828362
-0.007181365
-0.006581471
-0.005072286
-0.002639123
0.001409361
0.00589883
0.01069708
0.01556559
0.0193723
0.02219749
0.02410209
0.02481646
0.02416359
0.02264874
0.01965717
0.01513503
0.01088551
0.006264842
0.001953172
-0.0003761715
-0.001116626
-0.0009887697
-0.0001100367
0.001030086
0.0008710377
0.0001183388
-0.000927082
-0.00203104
-0.002909391
-0.003395229
-0.003491716
-0.003549648
-0.003909449
-0.004351098
-0.005145414
-0.006454105
-0.007851843
-0.008859325
-0.008223329
-0.006026902
-0.003748994
-0.001520008
0.0008885937
0.002467925
0.002862484
0.002492951
0.001787067
0.0001192489
-0.001674526
-0.003461133
-0.006185184
-0.009468281
-0.01186623
-0.01366654
-0.01533313
-0.01712071
-0.01824643
-0.01874403
-0.01853758
-0.01733599
-0.01593513
-0.01440824
-0.0127743
-0.01135767
-0.009889696
-0.007858436
-0.006031188
-0.005708313
-0.006569198
-0.007907116
-0.01033827
-0.01359176
-0.01596376
-0.01689621
-0.01688108
-0.01649974
-0.01518266
-0.01309708
-0.01047186
-0.007478688
-0.004015642
-0.0004039909
0.002149643
0.003618245
0.004293898
0.004016822
0.00359749
0.003572554
0.003629029
0.003226246
0.002185323
0.001105256
0.000311049
-0.0001181005
-8.293006e-05
0.0002784173
0.0006336531
0.0007645287
0.0007714216
0.0002063591
-0.0007169716
-0.001636933
-0.002282609
-0.002682063
-0.002772998
-0.002622048
-0.002167712
-0.001394205
-0.0005786052
0.0002359549
0.0009817451
0.001554773
0.002030804
0.002419735
0.002635606
0.002723475
0.002632966
0.002490378
0.002386917
0.002327977
0.002456109
0.00276921
0.003094556
0.003399432
0.003644206
0.003808074
0.003931234
0.004042534
0.004087483
0.004108784
0.004131792
0.004131399
0.004077515
0.00398591
0.003903696
0.003826476
0.003756515
0.003694094
0.003629531
0.003551933
0.003463289
0.003381866
0.003310758
0.003250186
0.003203907
0.003158708
0.003106959
0.003050365
0.002986535
0.002919795
0.002850857
0.002777384
0.002703944
0.002630436
0.00255571
0.002480073
0.002403611
0.002327721
0.002251999
0.002175565
0.002098655
0.002020565
0.001941271
0.001860913
0.001779495
0.001696892
0.001612952
0.00152755
0.001440498
0.001351677
0.001260995
0.001168386
0.001073809
0.0009772475
