# time u2_x
0.005000              0.00000000000000000000
0.010000              0.00000060516698756346
0.015000              0.00000166501872713408
0.020000              0.00000317870749195942
0.025000              0.00000515188616349507
0.030000              0.00000759331043636623
0.035000              0.00001050842790994229
0.040000              0.00001390386044534188
0.045000              0.00001778328307762269
0.050000              0.00002214239836808677
0.055000              0.00002697251376344562
0.060000              0.00003225666531838301
0.065000              0.00003797130910564941
0.070000              0.00004409151272718790
0.075000              0.00005058782335467901
0.080000              0.00005743265758801545
0.085000              0.00006459647146736019
0.090000              0.00007204602140334533
0.095000              0.00007974657763768663
0.100000              0.00008766340756117054
0.105000              0.00009576293613311026
0.110000              0.00010401600000709100
0.115000              0.00011239724653679570
0.120000              0.00012088149015549642
0.125000              0.00012944696292795758
0.130000              0.00013806889600252855
0.135000              0.00014672454727437698
0.140000              0.00015537446412863554
0.145000              0.00016397620871073330
0.150000              0.00017247456802878849
0.155000              0.00018080992640407239
0.160000              0.00018894593497535833
0.165000              0.00019684953020750209
0.170000              0.00020450219570361557
0.175000              0.00021188708088515178
0.180000              0.00021900779674231076
0.185000              0.00022587157738369326
0.190000              0.00023248341479006893
0.195000              0.00023884788029163373
0.200000              0.00024494432248761130
0.205000              0.00025074666364552275
0.210000              0.00025621582234917596
0.215000              0.00026131073746632152
0.220000              0.00026594015309344205
0.225000              0.00027000187262725438
0.230000              0.00027336495307814273
0.235000              0.00027589101633933419
0.240000              0.00027742199067186277
0.245000              0.00027779419974320596
0.250000              0.00027691128533147169
0.255000              0.00027469344619422329
0.260000              0.00027122359182232234
0.265000              0.00026663024395527944
0.270000              0.00026099021811016118
0.275000              0.00025437708953022950
0.280000              0.00024676758959864850
0.285000              0.00023811772553902159
0.290000              0.00022841054894612347
0.295000              0.00021763732307524840
0.300000              0.00020585305985779204
0.305000              0.00019313277097095333
0.310000              0.00017955988371311468
0.315000              0.00016522384041880119
0.320000              0.00015015750751119522
0.325000              0.00013438009652843224
0.330000              0.00011789636402918868
0.335000              0.00010070421637039558
0.340000              0.00008285502708464191
0.345000              0.00006441095107150514
0.350000              0.00004551178694189344
0.355000              0.00002631746865722060
0.360000              0.00000702936300249172
0.365000             -0.00001213694000472031
0.370000             -0.00003114520559831866
0.375000             -0.00005000130516842476
0.380000             -0.00006878363911278499
0.385000             -0.00008759408006060345
0.390000             -0.00010643159811816945
0.395000             -0.00012527240893812474
0.400000             -0.00014396661423999877
0.405000             -0.00016232976607763407
0.410000             -0.00018018631316595512
0.415000             -0.00019735818677768887
0.420000             -0.00021374505816663597
0.425000             -0.00022926546334683657
0.430000             -0.00024387703299804525
0.435000             -0.00025755021791847672
0.440000             -0.00027024434812118975
0.445000             -0.00028191982519586444
0.450000             -0.00029254173224408324
0.455000             -0.00030208032976991562
0.460000             -0.00031054804237374146
0.465000             -0.00031797354948206514
0.470000             -0.00032469285163099149
0.475000             -0.00033112942794800662
0.480000             -0.00033782804824987331
0.485000             -0.00034538529072424256
0.490000             -0.00035432091673249426
0.495000             -0.00036515029908575672
0.500000             -0.00037831585363165478
0.505000             -0.00039424482607948366
0.510000             -0.00041337873276849443
0.515000             -0.00043615691107970689
0.520000             -0.00046278801820468733
0.525000             -0.00049340746399785963
0.530000             -0.00052784393113082897
0.535000             -0.00056581366719455207
0.540000             -0.00060713930991309652
0.545000             -0.00065162669622513970
0.550000             -0.00069872472869457773
0.555000             -0.00074775997558864282
0.560000             -0.00079806366077867408
0.565000             -0.00084892926872050874
0.570000             -0.00089984704195819327
0.575000             -0.00095034578726159078
0.580000             -0.00100004591653836340
0.585000             -0.00104860715764284128
0.590000             -0.00109557921906366560
0.595000             -0.00114051544996737536
0.600000             -0.00118281575210017233
0.605000             -0.00122187549700397062
0.610000             -0.00125716965640501610
0.615000             -0.00128822495391011055
0.620000             -0.00131470102725511000
0.625000             -0.00133632145816428116
0.630000             -0.00135303202874182543
0.635000             -0.00136485565211527616
0.640000             -0.00137188892410850557
0.645000             -0.00137425923579670862
0.650000             -0.00137201611646730541
0.655000             -0.00136518605016789155
0.660000             -0.00135396260928620634
0.665000             -0.00133856770896871027
0.670000             -0.00131978643363452161
0.675000             -0.00129854515797702200
0.680000             -0.00127588022678632091
0.685000             -0.00125287894184053896
0.690000             -0.00123002950771236184
0.695000             -0.00120768422181944312
0.700000             -0.00118573092307206461
0.705000             -0.00116392894879231972
0.710000             -0.00114186472238238419
0.715000             -0.00111906180187065990
0.720000             -0.00109490349810066265
0.725000             -0.00106871500491523990
0.730000             -0.00103963351261542351
0.735000             -0.00100671935536420323
0.740000             -0.00096918339826643067
0.745000             -0.00092624588633148880
0.750000             -0.00087722543773009656
0.755000             -0.00082145946124144692
0.760000             -0.00075868442517726994
0.765000             -0.00068875269869940600
0.770000             -0.00061223257389954257
0.775000             -0.00052992827196595837
0.780000             -0.00044312867180086623
0.785000             -0.00035333811022674301
0.790000             -0.00026154316332887759
0.795000             -0.00016869185358406449
0.800000             -0.00007544038383439168
0.805000              0.00001758785066038642
0.810000              0.00010953052681168891
0.815000              0.00019945477110532668
0.820000              0.00028627080322026377
0.825000              0.00036886406223835059
0.830000              0.00044617637280496795
0.835000              0.00051721562599121157
0.840000              0.00058135442145250372
0.845000              0.00063813936971319856
0.850000              0.00068735384588213607
0.855000              0.00072894018577259584
0.860000              0.00076295936889226744
0.865000              0.00078958583735666500
0.870000              0.00080936818425601689
0.875000              0.00082300279318035937
0.880000              0.00083139023880285151
0.885000              0.00083550925160991228
0.890000              0.00083686482600160705
0.895000              0.00083708631538709677
0.900000              0.00083805998455323207
0.905000              0.00084171873461844115
0.910000              0.00084954617194627239
0.915000              0.00086287297034932573
0.920000              0.00088226324126607287
0.925000              0.00090801606722410659
0.930000              0.00094022630664254627
0.935000              0.00097885376632666967
0.940000              0.00102402518048881836
0.945000              0.00107585502653499438
0.950000              0.00113447141375248970
0.955000              0.00119998695991258963
0.960000              0.00127187264976438385
0.965000              0.00134943610394132525
0.970000              0.00143176093621862999
0.975000              0.00151786716096154032
0.980000              0.00160701683237145340
0.985000              0.00169854704799218760
0.990000              0.00179187175197899795
0.995000              0.00188645500705324621
1.000000              0.00198130202611147659
